# Value
-0.355534673
0.13217762
-0.842048585
-0.131302223
0.03265043
0.190827265
-0.25680709
-0.072149448
-0.156086803
0.065009468
-0.003330263
-0.059023393
-0.017556788
-0.06090761
-0.205948548
-0.18360047
0.42254752
-0.00721894
0.246684403
0.064937988
0.015128863
0.622898103
0.515521765
0.277066143
-0.1571258
0.119636313
-0.196971388
-0.244904593
0.25281787
0.035906003
-0.188885213
-0.147699505
-0.165261925
-0.477463215
0.05670512
0.04793391
-0.127277613
-0.285073758
-0.018786873
0.031366743
0.309328615
-0.08515463
0.02859665
0.106220663
-0.146720588
-0.375760288
0.097907245
0.389513463
0.388917625
-0.19159916
-0.119060575
-0.058383308
0.076353625
-0.238528833
0.207105398
-0.235387535
-0.240281568
0.126707985
-0.093073898
0.188871145
0.289022358
-0.05407713
0.083262123
0.417887898
-0.09812472
-0.11969865
0.296636165
0.074693338
0.167087063
0.170561715
-0.19008851
0.367850513
0.20205398
-0.106910028
-0.170037403
-0.13551432
-0.309092583
0.069982858
0.106653385
0.002443115
0.155902118
0.11960955
-0.106756368
-0.2516917
0.115758263
0.011518963
0.274382383
0.478716195
-0.152365283
-0.275630833
0.46478933
0.26995036
0.139647603
0.07908205
0.294957013
0.310048133
0.408779205
-0.02613629
0.19901067
0.335160553
-0.01188243
-0.156672688
-0.482135893
0.385034443
-0.16708547
0.277656853
-0.362478643
0.197772728
0.031201555
-0.078381458
-0.199392543
-0.223526955
0.032874275
0.52524066
0.146654218
0.054830448
0.199590043
-0.505596698
0.258386045
0.16265449
0.216728493
-0.11492017
-0.216676608
0.21774599
0.310299993
0.113212683
-0.042948298
0.402497023
-0.450204045
-0.084630213
0.032060218
0.280691683
-0.187150345
-0.151028678
0.226700858
0.024389563
0.263968945
0.09691929
0.096786008
0.262289943
0.21671626
0.076729923
0.07366424
-0.123105965
-0.137687163
-0.238968135
0.354698808
-0.312304855
-0.492713423
0.128844425
-0.052563325
0.207279698
-0.252555133
-0.15561597
-0.00441942
-0.108234548
0.335215063
0.098581725
0.831259013
0.085613243
0.293085188
-0.07530345
0.329907
0.00824877
0.14695558
0.202877508
-0.50009781
0.274888308
0.123618783
-0.344206065
0.24687484
-0.073077493
0.20594558
-0.376258583
-0.053365153
-0.089027488
-0.05322086
-0.26418975
-0.256356715
0.100045458
-0.067336263
0.117276705
0.284744918
0.05404443
0.390817643
0.009149075
-0.234281273
-0.000781835
-0.381842345
-0.033726678
-0.381019383
-0.219673768
0.028216373
-0.078614288
0.089841598
0.14773956
-0.427246453
-0.32991448
0.051429623
-0.098834135
-0.146756455
-0.417401583
-0.19131209
-0.600263655
-0.189927818
0.061840485
-0.168030188
0.06673102
-0.238438233
-0.497588308
-0.044075828
0.262019873
-0.458476215
0.22229895
-0.034903168
0.03025449
0.390025498
0.395793915
0.157434583
0.208804205
0.208316983
-0.20925738
-0.15396358
-0.002762303
-0.125367598
0.377135395
-0.14763224
0.23754263
0.13285339
0.262001485
0.097658948
0.05417459
-0.070998668
0.168835908
-0.080834903
-0.451333703
0.341696143
0.112720945
0.177020148
0.162044735
0.4275482
0.273616343
-0.22436452
0.120544613
0.087971405
-0.41177988
-0.26098147
-0.186236025
-0.00234149
-0.113238618
-0.30912593
-0.222268775
0.179387213
0.095586263
-0.076137335
0.158588813
-0.133692995
0.032115765
0.364140928
0.372291328
-0.067716308
-0.32841888
0.239323615
0.28407377
-0.016848758
-0.186173768
-0.530733585
-0.24228464
-0.032261593
-0.194377885
-0.096873858
0.082095615
0.204852523
0.365064473
-0.215773835
-0.003968703
0.19564253
0.082638235
-0.21464619
0.483632118
0.153061093
0.062353413
-0.197797433
-0.202352868
0.007236963
-0.00525282
-0.135386453
0.419424148
-0.339176328
-0.511277795
0.076628238
0.18895167
-0.055123915
-0.109508515
-0.051214765
-0.281644553
-0.503012598
0.032221668
-0.0212566
0.129971133
0.58665061
0.040051648
-0.32176581
-0.127767533
-0.412684293
0.068288378
0.288383723
0.256793945
-0.160359905
0.211090655
0.122732223
0.37463981
0.17580162
0.103307135
0.399687558
-0.275599958
0.332406133
0.361166598
-0.154907658
-0.297087073
-0.15540892
0.590918303
0.058032028
0.141135528
-0.09815281
0.090871833
0.136174515
-0.247945548
0.33722663
-0.029395975
-0.007841983
-0.176655443
0.249587343
-0.376626968
-0.085077845
0.065943778
0.24460037
-0.081394203
0.293300928
0.068637155
-0.385218473
0.04201772
0.09404584
0.057336338
-0.127404795
0.240868568
-0.14410548
-0.093789615
-0.324744105
-0.187476098
0.281199158
-0.20253086
-0.026313638
-0.647506893
0.275273085
0.218265488
0.542007805
-0.065081485
-0.029988935
0.095353493
0.346652835
0.157545045
0.3462376
-0.062149633
0.138985768
0.304475488
-0.30928442
0.030462513
0.128216983
0.152373985
-0.171186865
0.00857343
0.338505298
-0.382392318
0.018957135
0.133612125
-0.073443703
0.238837495
0.20513074
-0.03947781
-0.284715473
0.332781165
0.73221308
0.118096218
0.20464605
-0.138160363
0.164100438
-0.32791233
0.407252043
0.059648435
-0.718392373
-0.155805275
0.055434883
0.137564048
0.128430353
0.264028133
-0.203076513
0.48804164
0.069810815
0.07923399
-0.45806697
0.222225353
-0.18301253
0.1823491
-0.483932615
0.339020015
0.446941763
0.23719129
-0.177926108
-0.176113978
-0.52518344
-0.111691073
-0.032814998
0.110062205
-0.034951675
-0.054122768
-0.332460165
-0.132799685
-0.12077888
-0.10859432
-0.05667786
-0.03252048
-0.418201685
0.224696965
-0.550346673
0.11299099
0.112521895
0.084157863
0.11879088
-0.057393105
-0.424958915
-0.232448935
-0.017721045
-0.148666248
0.381610423
-0.183083818
-0.33202383
0.147612378
-0.352151155
-0.160644353
-0.194887355
-0.023873775
-0.129321068
0.219296798
-0.086862983
0.097569108
-0.05198073
-0.24992323
0.124802693
0.015585725
-0.234074443
0.17017685
-0.059381638
-0.154371233
-0.25470242
-0.366600215
0.082593113
-0.146129385
0.352580458
0.142161875
0.368851245
-0.177118913
-0.442549378
0.037459578
0.373726815
-0.164872825
0.250945865
0.521059753
-0.237314643
0.46412307
-0.081504308
-0.147694738
-0.291900873
-0.325749218
0.174414068
0.09998995
-0.056572193
0.01771779
0.057290008
-0.00393624
-0.279708355
-0.39656654
0.363977998
0.509572863
-0.233266085
-0.010440403
-0.062213843
-0.021927593
0.224932478
0.078001305
-0.343064278
0.146699055
-0.120930918
-0.383039743
0.158053428
-0.39739734
0.104867705
0.307564945
-0.040459078
-0.487648488
-0.358614923
0.214863255
-0.036867068
0.22301896
0.149141208
-0.161074505
0.124462248
-0.212370188
-0.1162306
0.076114723
0.186057195
-0.569774985
-0.288928538
0.021753848
0.439474763
-0.359650315
0.086670458
-0.14675121
-0.213095308
0.067232945
0.257813453
-0.016206208
0.499935
-0.052806273
-0.363208623
-0.07659158
-0.12489754
-0.260273515
-0.517942668
-0.213902355
-0.260875345
0.15969281
-0.14201966
0.145407915
-0.159646408
0.511978685
-0.15142052
0.121115885
-0.51675731
-0.009268813
-0.03851888
0.292384385
-0.195501923
0.272853493
0.226406128
0.256686003
-0.26890564
-0.17093581
0.395867735
-0.067036235
-0.19211486
-0.002094428
-0.015814233
0.352944703
-0.320017725
0.144631698
0.273641825
0.022397965
-0.198295833
-0.159124003
0.08842323
-0.274771183
-0.102562248
-0.246518775
-0.437266828
-0.05566315
-0.511533798
-0.0125823
0.18101658
0.384896695
-0.633485258
-0.16612962
-0.231424988
0.055089058
0.088904068
0.25038913
0.121336923
-0.046349595
0.223992198
0.359513343
-0.136699915
0.322233915
-0.21710582
0.070551358
0.185213403
-0.296305865
-0.123465323
-0.175231755
0.130065353
0.200736895
-0.124852673
0.351224185
0.108048843
0.230532005
0.048361953
0.020397415
-0.038209725
-0.287537278
0.17200084
0.117662505
0.24462314
0.211023823
-0.023111623
-0.226611033
0.151669593
-0.04079803
0.082225488
0.4578588
-0.524876773
0.16756226
0.19473651
-0.4399859
-0.305046975
0.153321743
0.023134605
-0.207411125
0.00240442
0.33750227
0.024851328
0.259999603
0.204624043
0.230686368
0.420258195
-0.29390344
-0.051640188
0.316372185
-0.138880463
-0.145758868
-0.3259843
-0.175727635
-0.27582845
-0.159624503
0.059409375
-0.340481788
-0.0120102
0.312508793
0.166151838
0.024164395
-0.287158013
-0.21891591
0.179955245
0.208111838
-0.11104413
0.08712896
-0.11900977
-0.012764568
-0.252806605
-0.166337758
0.182146653
-0.01041128
-0.367713153
0.282028258
-0.22177586
0.240175203
-0.505393148
0.180608453
-0.108988428
0.182688908
0.079762525
-0.103780515
-0.234110415
0.128930225
-0.004635698
0.159520313
-0.071297198
0.01161086
0.109771588
0.218137458
0.200466155
0.2671915
0.24977599
-0.120741635
0.285359978
-0.053800643
0.15726222
-0.19300881
-0.203810453
-0.02692265
0.077176453
-0.026076033
0.506259323
-0.117817395
-0.349384963
0.038969043
-0.080532478
-0.089874178
-0.068806975
-0.012813808
0.264217823
0.291879625
-0.327468903
0.159472823
-0.610386253
0.088678868
0.316070258
-0.23880504
-0.028290493
-0.368874013
0.271731675
-0.047305693
-0.379678935
-0.065487995
0.077779443
-0.5316841
0.149751053
-0.03673033
0.199419185
-0.294138283
-0.001621228
0.15818584
0.206208438
0.307663978
-0.081040778
-0.281829148
0.23009631
0.25228566
0.257726848
0.444517793
-0.066835575
0.100964375
-0.12096747
0.158621998
-0.400559605
-0.002586145
-0.222800583
-0.230438368
0.021287058
0.524076938
-0.167524963
0.185466738
-0.004699258
0.058594968
-0.125724688
-0.85624653
0.223322853
0.447220028
-0.202469648
-0.194293068
0.242687225
-0.162268595
-0.071626343
-0.108356483
0.184728055
0.029550458
0.050702948
0.43157673
0.230113865
0.546762468
0.119439058
-0.139347078
0.294228643
0.031272353
-0.395908595
-0.308793753
-0.25042355
-0.28114292
0.122888103
-0.35976255
-0.195087045
-0.093692468
0.190532565
0.967562498
0.110353418
-0.310934873
0.065751725
-0.234415278
-0.15213178
-0.078324615
-0.153083473
0.07350161
-0.016123358
0.200582013
-0.021062208
0.226802648
-0.230846598
0.223738388
0.015772485
-0.208493443
-0.072341778
-0.073512093
-0.100892775
-0.242539525
0.048426613
-0.02802279
-0.131904483
-0.02275005
0.009444155
-0.12582308
0.037510068
-0.114218965
0.082727343
-0.132582368
-0.280590773
0.070089638
-0.4353801
-0.226165845
-0.242760763
0.097296185
-0.095590108
0.05420426
0.21353902
-0.117380628
-0.06716703
0.297620088
-0.017520795
-0.12995319
0.002495275
-0.116602108
0.312274308
-0.328479975
0.14403437
0.087393723
0.066337608
-0.378379613
0.0261433
-0.228323863
0.486954868
0.116160728
0.164480328
0.07957878
0.28234154
0.335385353
-0.844023168
-0.0818903
0.010045708
-0.20620422
-0.310804338
0.196650268
0.14828898
0.575074853
0.224990533
-0.039676323
-0.190715418
0.092867485
0.00727192
-0.055337448
0.1622556
-0.157996313
0.053146898
0.018604548
-0.275872708
0.09671934
0.071513125
0.420039268
-0.074614585
-0.160377295
0.075127885
0.24474801
0.03869848
0.03823198
-0.338570655
-0.11256148
-0.933350265
-0.193600313
0.109447755
0.176967145
0.170786515
-0.03334792
0.451738238
0.01217512
-0.344927848
-0.073516405
-0.117207855
0.343892098
-0.036131763
-0.052631028
-0.03163401
-0.46788928
0.061902698
-0.243201255
0.113805153
-0.36866948
0.046346628
-0.143888713
0.15362738
0.173884183
0.11593812
-0.213273555
-0.004743535
-0.168467715
-0.353063583
0.085962743
0.243710055
0.271237015
0.56055808
-0.125035375
0.292179138
-0.274421035
0.290296823
0.065005898
0.125483558
0.208417148
-0.144835293
0.436361313
0.233637363
0.042755663
-0.001754818
-0.089829698
0.008992895
-0.252703995
0.34857598
0.276618333
0.188888938
0.12830025
-0.17809075
0.09436369
0.08131636
-0.16181612
-0.283028663
-0.049459535
-0.20609285
-0.005135845
0.210519135
-0.40772578
-0.374361605
0.002685763
-0.10399133
-0.18192567
0.15621093
0.18153751
-0.253817678
-0.10742715
0.093893065
0.224579708
-0.014332108
0.088500328
0.277608753
0.222561105
-0.39701131
-0.357753933
0.165323423
-0.346598505
-0.243223713
-0.23608853
-0.599987685
-0.063416175
-0.222209663
-0.032742833
0.30189538
0.236983925
-0.324858785
0.51083076
-0.287293405
0.24740322
0.03386639
-0.228862838
0.32589367
-0.255890578
-0.082419693
0.027717088
-0.202755438
0.118603253
0.080500073
0.143250763
-0.152528928
0.190462425
-0.051781778
-0.199515328
-0.4969019
0.298219235
0.026652238
-0.055038588
-0.110293403
0.015149158
-0.042185515
0.47033912
0.214437248
0.00100846
-0.365567148
0.282384365
0.17866741
0.42590344
-0.338744908
0.40938598
0.227833808
-0.06587734
0.032877695
0.572813988
0.359965773
-0.106214865
0.22481136
0.234233663
-0.250577213
0.059096128
-0.135025755
0.161930473
0.294337095
-0.572015048
-0.122160635
-0.04622934
0.748222828
0.269789518
0.183243678
-0.008918513
-0.10521879
0.629653095
0.065354408
-0.332102775
0.261326283
-0.15150112
-0.069465838
0.024934895
0.057117545
0.106351808
0.11981929
-0.413641005
0.2299591
-0.197532295
0.14217712
-0.094778703
0.258426668
0.181481243
-0.071845533
-0.344258398
0.160165103
0.107274145
-0.148657918
-0.0899439
-0.370583355
0.134742885
-0.38319847
-0.09118218
-0.055436473
0.124306403
0.14933461
0.04483093
-0.429911853
0.235438333
-0.019918308
0.039332383
0.665670395
-0.145450755
0.360963048
-0.07314425
0.19892718
-0.104568385
-0.074091188
-0.31250444
0.287120938
-0.230324523
0.017068873
0.184720665
-0.28726986
-0.03815468
0.243457855
-0.61341709
-0.066033483
-0.151236593
-0.023629015
0.111668295
-0.07536164
0.127028093
-0.09157396
-0.096820833
-0.138737233
0.196946695
0.088005238
0.023548928
-0.009952123
0.047720373
-0.501082718
-0.326766433
0.079026513
-0.02733952
0.174040153
0.278202265
0.650170803
-0.03471816
0.045317998
0.145418703
0.497222693
-0.131124125
-0.165403053
-0.321228355
0.031182365
0.25298345
-0.083127483
-0.118409835
0.15465802
0.157400058
0.042485635
0.337318688
0.291800858
-0.225253643
0.302528888
-0.22455062
0.14137274
-0.142741025
0.143715293
0.01011705
0.127121165
-0.17444837
-0.335416883
0.114458315
0.124883533
-0.114634015
-0.179090993
0.135368468
-0.376306713
-0.518973173
-0.163911685
0.344239773
0.155391515
0.06646172
0.051777265
0.040215013
0.105670408
0.046438835
-0.103761658
-0.139098063
-0.327848793
0.487557143
-0.124309123
-0.388081253
0.378223598
0.161637693
0.476470233
-0.078886823
0.161651745
0.62681222
0.356781393
0.484775395
0.04523947
-0.05449818
-0.071767778
-0.398426115
-0.03879219
0.020458668
0.011375868
0.107434243
-0.115384125
-0.497293473
0.22657691
-0.256068528
-0.136949465
-0.117550305
0.385964335
0.041513733
0.07544914
0.073235118
-0.132717355
-0.280884743
-0.09586402
0.22808957
0.071736993
0.175161258
0.16743265
0.1081815
0.100848288
-0.102314868
0.352288903
-0.003352395
-0.100669393
0.570328833
-0.109221585
0.222394065
-0.261703163
0.347513645
0.045450048
0.247353823
-0.136611835
-0.065059408
0.125105753
-0.29087904
0.023255155
-0.139348045
0.171713575
-0.018757765
0.289546668
0.001278248
-0.035220195
0.09546394
0.106287003
0.110038758
0.222176655
-0.032005715
0.11705146
-0.20141837
-0.071702608
-0.247008725
-0.027945033
-0.177611843
0.60933888
-0.249680265
-0.139794915
-0.051068255
-0.10208182
-0.089618265
0.488603265
-0.318944038
0.101069785
0.062034115
0.148972168
0.39457056
0.18737574
-0.070549555
0.130697683
0.244580255
0.346504658
-0.273777038
-0.053623363
0.334082335
-0.118597053
0.379461558
-0.140754625
-0.19788152
-0.212449045
-0.210878775
-0.322017403
0.125123858
0.09343654
-0.071164578
-0.344588995
-0.411329865
-0.048906845
0.294580848
-0.310564935
-0.073043653
-0.175565883
0.188905478
-0.066420303
-0.162219198
-0.039213063
-0.222361893
-0.071808428
-0.239856348
-0.352335363
-0.17902635
0.333670945
0.198870375
0.420680733
0.121091053
-0.202248128
-0.00093646
0.093850575
-0.053493743
-0.099118278
0.196202175
0.230363458
-0.388188928
-0.136032403
-0.395947635
0.134057865
0.214927033
0.14109029
0.474863975
0.102344915
0.10705427
-0.014573393
-0.048946745
0.3406052
-0.220416635
-0.619289995
-0.180591093
-0.256839873
-0.131553173
0.398315103
0.09762629
0.16060309
0.1343005
0.06488374
0.032506443
-0.61349994
-0.206030623
-0.030931273
-0.058564275
-0.061756958
0.242900343
0.174271673
0.257177503
-0.28841871
0.126082615
0.082131363
0.035652963
-0.017342648
-0.10293585
-0.092622333
-0.31917876
0.31508726
0.110930198
0.279563398
0.297062635
-0.17878954
0.1185987
0.501245083
-0.379704505
0.64403993
-0.1796605
-0.338565855
-0.110733948
0.170486883
0.207705723
-0.177960128
0.044260245
-0.413492143
-0.002764988
0.237817393
-0.459797145
-0.219090418
-0.324386985
-0.18118316
-0.266472013
0.187538238
-0.40636313
-0.004546405
0.456703783
-0.079076753
-0.343316168
0.089158855
-0.098637953
0.153717743
-0.11779765
0.50344956
0.56346333
-0.22644256
-0.122972593
0.17726773
-0.25527519
0.325749398
0.081849045
-0.355095475
0.030169388
0.180863738
-0.003717983
0.27126643
-0.431625813
0.33932227
0.034833383
-0.361227155
-0.08991994
-0.69538653
0.061987113
0.045734335
0.012349615
-0.04263835
0.22976543
0.40984574
-0.487880945
-0.140671358
-0.05546692
-0.330410808
-0.088795663
0.030673585
0.273547293
-0.321652353
-0.105362363
-0.052657858
0.060576373
-0.55939889
0.099747323
0.010808678
0.251152038
0.055885868
-0.04430398
-0.35314539
-0.212149888
0.3808254
-0.029777235
-0.252283275
0.045475795
0.315333455
-0.261806398
0.216418238
-0.13058254
0.387897968
-0.12513037
0.110217505
-0.248811798
-0.006996703
0.212027728
-0.583776175
-0.027489578
0.052550353
0.472456873
-0.460542293
-0.0661809
-0.16154766
-0.239536925
0.384563685
-0.265939415
-0.141590283
0.303142608
0.06623187
0.133456768
0.783419668
0.014620478
-0.054053273
-0.00679334
-0.015047968
-0.2542167
-0.13676478
0.216352255
0.00556739
-0.050812953
-0.101238863
-0.098954163
-0.271035045
-0.684378983
-0.214997873
0.150847243
-0.07752777
-0.042259928
0.488990368
0.19843699
0.173097223
-0.043330148
0.071497583
-0.224530488
-0.037789643
0.093037233
-0.217162013
0.08945839
0.001277305
0.009688115
-0.403702705
0.118849785
0.176962183
-0.146628693
0.396944523
-0.14328292
0.43092072
0.026502405
0.141422793
0.129484163
0.187016473
0.26495418
-0.053546115
0.16652368
-0.043991133
-0.1194802
0.091147208
0.170691385
0.201056003
-0.07171443
0.490689725
0.200353608
0.050385298
0.307449728
-0.054728885
-0.280759245
0.083535098
0.463252933
-0.089076935
-0.177003503
0.043730833
0.351976008
-0.403862685
0.032450408
-0.169703945
0.32431966
-0.003913795
-0.013180545
0.265216768
-0.114950433
-0.048500178
-0.039399998
-0.107427993
-0.351887525
0.008727695
-0.212672233
0.393337428
-0.140784548
-0.199061065
-0.367674858
-0.346891015
0.330051155
0.348073663
0.125795468
0.13468787
-0.096828453
-0.4301475
0.38019967
-0.223824263
-0.130815418
0.07988257
-0.240164085
-0.066249765
0.091525488
-0.017275318
-0.076284715
-0.617011845
0.025964953
-0.02631102
-0.205802143
-0.05466741
-0.09818729
-0.259817958
-0.044048918
0.248177693
0.180881753
0.222422555
-0.14007941
0.28862819
-0.092099935
-0.034097928
-0.161610053
0.037815745
-0.245873378
-0.20473738
-0.3248446
-0.26309234
-0.189472155
0.106315093
0.007544145
-0.051283143
0.005811605
-0.14414923
-0.240759745
-0.081578218
-0.654207468
-0.01391802
-0.350373208
-0.031066655
0.213680685
-0.09802851
-0.074897245
0.158714175
-0.25220874
0.163714825
0.004815995
-0.114842573
-0.137175173
-0.38213089
0.30543995
-0.13821134
-0.538833858
-0.004911673
-0.138794973
-0.164193615
0.37359643
-0.273989708
-0.342251093
0.02950073
-0.097791038
-0.268594623
0.104751348
0.48244664
-0.139500573
0.588757933
-0.379491835
0.073213763
0.032766973
-0.19461219
-0.27292931
-0.13029614
-0.206171215
0.048426925
-0.10785167
0.016135205
0.0122057
0.2493425
0.149283573
0.026795588
0.10828881
0.343491018
-0.073819063
0.20937018
0.00639304
0.146965995
-0.08779832
-0.085385583
-0.11916925
-0.059825908
-0.347687663
0.037769835
0.038506645
0.054044083
-0.63195157
0.325627445
-0.34113732
-0.174801083
0.171665178
-0.082252048
-0.013023173
-0.384691715
0.23678261
-0.332078248
0.587094843
-0.17030467
-0.281368315
-0.155994133
0.086984278
0.293727935
-0.200148478
0.488032013
0.22928135
0.008025303
0.133101733
0.085470595
-0.241154433
-0.285789223
0.453998983
0.137907073
-0.107729593
0.191793338
0.271107108
-0.01601477
-0.025601018
-0.126543685
0.11238701
-0.146453678
0.290616363
-0.136487008
-0.11671915
0.055211005
-0.187415183
0.129961373
0.3317118
-0.38580209
-0.17649214
0.178487168
0.221499725
0.238469213
0.086406143
0.12203794
-0.126283513
0.326448263
0.04260407
-0.06105711
-0.317111195
0.383018523
0.168149055
-0.176174998
-0.292511493
-0.18577738
-0.125243948
-0.101756043
0.04043362
-0.11011985
-0.29317692
0.355869145
-0.273270578
0.35011372
-0.19567956
-0.322792323
-0.215803028
-0.242278323
-0.398825228
0.009191488
0.144227625
0.175366863
0.234286338
-0.1080736
0.359512628
-0.499404193
0.117212088
-0.095687093
-0.583072603
-0.07377667
-0.126000583
-0.113184728
-0.001298975
-0.073536388
0.22756672
-0.210527123
-0.47154203
0.025993978
-0.212556005
0.181460083
0.242136018
-0.146021323
-0.238461048
0.086642578
0.262201728
0.15545635
-0.058397723
-0.230584205
-0.21023664
-0.470560878
0.123585925
-0.265656173
-0.218875363
-0.222839475
0.073859953
-0.016105233
0.111758485
0.26411304
-0.080771103
-0.024850813
-0.134766713
-0.027763928
-0.374132068
0.194880515
-0.015880023
-0.108420208
-0.06211198
-0.12629436
-0.541339218
0.009751848
0.275145143
-0.009590045
0.473475903
-0.20926559
0.528446853
0.443980395
-0.156205415
-0.510059298
-0.11045207
-0.34312746
0.066928513
0.220215203
0.19429575
0.072178343
-0.222342388
-0.02615852
0.029013795
0.000676058
0.239459158
-0.087806538
0.369709433
0.081282183
0.19494976
0.161478743
-0.154403418
0.11436881
0.113934853
-0.2215579
0.203081965
-0.25293672
0.133418978
0.04793308
0.387388705
0.113252008
-0.393435448
0.090076715
0.111945548
-0.285560905
0.37200275
-0.184124455
0.326012373
-0.32019937
-0.18231754
0.316572905
-0.221667573
0.461786033
-0.058453528
0.13376397
-0.086847835
-0.303403675
-0.425664425
0.430724085
0.199245795
-0.030714553
0.07184483
0.039754688
-0.359244198
-0.120606968
-0.118397743
-0.067148903
0.316716373
-0.004490725
-0.224758775
-0.173685313
0.078762225
-0.181615293
0.170149893
0.26846975
0.450938165
0.329558433
0.066253373
0.02520304
-0.757634998
0.26472658
0.198938698
-0.038863193
-0.256815045
0.04676478
0.204486923
0.529494823
0.583267213
-0.055665825
-0.184141428
0.402513475
-0.149236933
-0.46345088
0.104315468
-0.14332734
0.086291485
-0.16728057
0.242642895
-0.055158963
-0.399359285
-0.108000733
0.124499343
-0.330401868
0.121612483
-0.329184413
0.238767625
0.043862268
-0.068614245
-0.130870328
0.032424148
-0.159411758
-0.181103095
-0.00309535
-0.088039935
0.429485203
-0.197891905
-0.115429723
-0.174315363
0.056378573
-0.153439805
-0.12157222
0.353343605
-0.12477979
0.13836661
-0.327294083
0.041009748
-0.19487995
0.24407643
-0.01713078
-0.541212798
-0.035987688
-0.187048285
-0.034664893
-0.460705758
-0.227489428
0.52031517
-0.080822005
-0.030506918
0.248011365
-0.327110798
0.320817083
-0.047100325
-0.182891683
0.196057828
0.145164058
-0.144398705
-0.121029103
-0.068079405
0.210054785
-0.110155173
-0.281741918
-0.157645345
-0.089332573
0.082424158
0.040126845
-0.222226485
-0.34928617
-0.02484743
0.253672273
0.13861695
-0.13120237
0.124235198
-0.07624589
-0.006369423
-0.179427565
0.04294654
-0.231001795
-0.008794363
-0.041922938
0.214685188
-0.299954533
-0.155054108
-0.042689433
0.344340385
0.189811633
-0.073468075
-0.028836013
-0.021487275
-0.156211793
-0.366651088
0.007757025
-0.08686886
0.55578202
0.328296245
-0.055091165
0.15439199
0.374067843
0.412745028
-0.01106741
-0.02462916
0.219202848
-0.384648443
-0.154905573
-0.16636169
-0.066532918
-0.407410205
-0.101475143
0.284572215
-0.145889223
-0.07775925
0.079926335
0.319821568
-0.41406384
-0.339012563
-0.377223075
-0.000770083
0.26549229
-0.105853298
0.01941815
0.181533843
-0.032773965
-0.416283728
0.015407378
-0.22765015
-0.28347662
0.232961268
-0.185999363
-0.196424158
-0.083755075
0.057436843
0.270851135
0.168151215
0.614039005
0.231439635
-0.052434745
-0.16724944
0.400397598
0.168249355
-0.094868228
-0.060126673
0.158100233
-0.27562821
0.00657483
-0.181442933
0.070321888
0.04412736
0.001992855
-0.226528495
0.30242619
0.140758933
-0.306087225
-0.151292473
0.108734935
0.114517303
-0.04245492
0.429357648
0.20154433
-0.292378813
-0.185959653
-0.274362623
-0.079682245
0.293815763
-0.48483026
-0.210895478
-0.121400475
0.054077638
-0.222324833
0.14353332
-0.101182715
-0.04907634
-0.180578665
-0.10238862
-0.719717503
-0.061278255
0.100951753
-0.479518563
-0.048996988
0.052902133
-0.497948795
-0.333744378
-0.023978443
0.293441505
-0.34825921
0.23307255
-0.138272868
-0.001684568
-0.155254618
-0.390056073
-0.081764863
0.367242308
0.494834453
-0.055894528
-0.24467066
0.274784298
0.038298908
0.091166475
-0.004835605
-0.101503618
0.394010038
0.223816008
0.301111938
-0.236799748
0.374883593
0.051754025
0.505648195
-0.332729845
-0.281895638
-0.489731848
-0.184996308
0.241111845
0.066024923
0.061662138
-0.147185908
-0.160195485
0.2235969
-0.173989698
0.172288373
-0.26683405
-0.430446178
-0.169220598
-0.14691025
-0.07535757
0.03156601
0.263249575
-0.100917593
0.046508433
0.302547993
-0.475901038
